
====================================================================================================
 Backbone = llama   Benchmark = medqa   (5 checkpoints)
====================================================================================================
lambda_g   | n      | answer_acc | empty_rate | avg_n_ents | avg_n_rels | valid_type_rate | valid_reltype_rate | orphan_rel_rate | avg_kg_chars
-----------------------------------------------------------------------------------------------------------------------------------------------
0.00       | 1273   | 63.94      | 44.38      | 6.59       | 2.95       | 98.08          | 73.66            | 18.30          | 1116.83     
0.10       | 1273   | 57.89      | 0.16       | 20.54      | 12.50      | 99.95          | 99.57            | 6.40           | 4896.06     
0.30       | 1273   | 58.05      | 0.08       | 17.82      | 12.84      | 99.97          | 99.83            | 5.47           | 4544.22     
0.50       | 1273   | 60.49      | 1.49       | 16.31      | 11.86      | 99.90          | 99.92            | 3.57           | 4210.22     
1.00       | 1273   | 59.94      | 8.88       | 14.71      | 10.87      | 99.95          | 99.88            | 2.82           | 3877.64     
