
====================================================================================================
 Backbone = llama   Benchmark = medmcqa   (5 checkpoints)
====================================================================================================
lambda_g   | n      | answer_acc | empty_rate | avg_n_ents | avg_n_rels | valid_type_rate | valid_reltype_rate | orphan_rel_rate | avg_kg_chars
-----------------------------------------------------------------------------------------------------------------------------------------------
0.00       | 4183   | 55.39      | 20.03      | 8.13       | 3.78       | 97.91          | 63.12            | 19.81          | 1355.73     
0.10       | 4183   | 53.14      | 1.29       | 18.49      | 13.86      | 99.37          | 99.49            | 7.41           | 5146.47     
0.30       | 4183   | 53.77      | 2.30       | 17.18      | 13.95      | 99.79          | 99.69            | 5.32           | 4960.64     
0.50       | 4183   | 53.65      | 5.28       | 15.27      | 12.44      | 99.82          | 99.89            | 4.06           | 4430.47     
1.00       | 4183   | 52.09      | 11.95      | 14.77      | 11.88      | 99.90          | 99.92            | 3.75           | 4339.71     
