
====================================================================================================
 Backbone = mistral   Benchmark = medqa   (5 checkpoints)
====================================================================================================
lambda_g   | n      | answer_acc | empty_rate | avg_n_ents | avg_n_rels | valid_type_rate | valid_reltype_rate | orphan_rel_rate | avg_kg_chars
-----------------------------------------------------------------------------------------------------------------------------------------------
0.00       | 1273   | 59.54      | 99.61      | 0.01       | 0.01       | 68.42          | 50.00            | 70.00          | 3.60        
0.10       | 1273   | 53.73      | 11.47      | 33.40      | 14.29      | 99.93          | 99.56            | 3.45           | 6844.49     
0.30       | 1273   | 54.05      | 3.53       | 19.09      | 13.04      | 99.98          | 99.92            | 3.38           | 4817.10     
0.50       | 1273   | 57.34      | 2.28       | 17.49      | 11.93      | 99.93          | 99.93            | 2.15           | 4431.78     
1.00       | 1273   | 55.15      | 10.60      | 15.79      | 11.22      | 99.99          | 99.95            | 2.18           | 3927.52     
