
====================================================================================================
 Backbone = mistral   Benchmark = medmcqa   (5 checkpoints)
====================================================================================================
lambda_g   | n      | answer_acc | empty_rate | avg_n_ents | avg_n_rels | valid_type_rate | valid_reltype_rate | orphan_rel_rate | avg_kg_chars
-----------------------------------------------------------------------------------------------------------------------------------------------
0.00       | 4183   | 50.37      | 96.87      | 0.13       | 0.13       | 88.80          | 24.67            | 54.65          | 34.54       
0.10       | 4183   | 42.96      | 6.05       | 33.33      | 18.47      | 99.55          | 99.39            | 4.57           | 8054.90     
0.30       | 4183   | 44.68      | 4.71       | 20.36      | 15.21      | 99.67          | 99.82            | 4.00           | 5751.03     
0.50       | 4183   | 46.52      | 4.28       | 18.81      | 14.08      | 99.78          | 99.78            | 3.10           | 5319.30     
1.00       | 4183   | 46.12      | 10.38      | 18.35      | 14.62      | 99.79          | 99.91            | 3.15           | 5129.41     
